UNITS=MM
#Layer_Color=32768
#
#Feature symbol names
#
$0 r49.9999
$1 r99.9998
$2 r199.9996

#
#Feature attribute names
#

#
#Layer features
#
L 1.05000044 11.20000046 1.05000044 16.79999942 1 P 0
L 1.05000044 11.20000046 3.94999972 11.20000046 1 P 0
L 1.05000044 16.79999942 3.94999972 16.79999942 1 P 0
L 1.05000044 19.70000124 1.05000044 25.3000002 1 P 0
L 1.05000044 19.70000124 3.94999972 19.70000124 1 P 0
L 1.05000044 25.3000002 3.94999972 25.3000002 1 P 0
L 1.70000168 8.04999914 1.70000168 10.94999842 1 P 0
L 1.70000168 8.04999914 7.30000064 8.04999914 1 P 0
L 1.70000168 10.94999842 7.30000064 10.94999842 1 P 0
L 2.00000108 13.99999994 3.00000162 13.99999994 1 P 0
L 2.00000108 22.50000072 3.00000162 22.50000072 1 P 0
L 2.50000008 13.50000094 2.50000008 14.50000148 1 P 0
L 2.50000008 22.00000172 2.50000008 23.00000226 1 P 0
L 3.94999972 11.20000046 3.94999972 16.79999942 1 P 0
L 3.94999972 19.70000124 3.94999972 25.3000002 1 P 0
L 3.99999962 9.49999878 5.00000016 9.49999878 1 P 0
L 4.24999912 66.00000262 4.24999912 68.00000116 1 P 0
L 4.24999912 66.00000262 7.74999974 66.00000262 1 P 0
L 4.24999912 68.00000116 7.74999974 68.00000116 1 P 0
L 4.50000116 8.99999978 4.50000116 10.00000032 1 P 0
L 5.49999916 25.9499989 5.49999916 33.54999894 2 P 0
L 5.49999916 25.9499989 11.44999996 25.9499989 2 P 0
L 5.49999916 33.54999894 11.44999996 33.54999894 2 P 0
L 5.49999916 67.00000062 6.4999997 67.00000062 1 P 0
L 5.54999906 34.95000122 5.54999906 42.55000126 2 P 0
L 5.54999906 34.95000122 11.49999986 34.95000122 2 P 0
L 5.54999906 42.55000126 11.49999986 42.55000126 2 P 0
L 5.94499954 14.75000098 5.94499954 20.25000014 2 P 0
L 5.94499954 14.75000098 13.05499802 14.75000098 2 P 0
L 5.94499954 20.25000014 13.05499802 20.25000014 2 P 0
L 5.99999816 66.50000162 5.99999816 67.50000216 1 P 0
L 6.2000003 22.55000062 6.2000003 25.4499999 1 P 0
L 6.2000003 22.55000062 11.79999926 22.55000062 1 P 0
L 6.2000003 25.4499999 11.79999926 25.4499999 1 P 0
L 6.4999997 63.5499999 6.4999997 65.44999864 1 P 0
L 6.4999997 63.5499999 10.50000186 63.5499999 1 P 0
L 6.4999997 65.44999864 10.50000186 65.44999864 1 P 0
L 7.30000064 8.04999914 7.30000064 10.94999842 1 P 0
L 7.74999974 66.00000262 7.74999974 68.00000116 1 P 0
L 7.97500056 29.74999892 8.97499856 29.74999892 1 P 0
L 8.00000178 64.50000054 8.99999978 64.50000054 1 P 0
L 8.02500046 38.75000124 9.02499846 38.75000124 1 P 0
L 8.47499956 29.24999992 8.47499956 30.24999792 1 P 0
L 8.50000078 24.00000026 9.50000132 24.00000026 1 P 0
L 8.50000078 63.999999 8.50000078 64.99999954 1 P 0
L 8.52499946 38.25000224 8.52499946 39.25000024 1 P 0
L 8.70000038 8.55000068 8.70000038 11.44999996 1 P 0
L 8.70000038 8.55000068 14.29999934 8.55000068 1 P 0
L 8.70000038 11.44999996 14.29999934 11.44999996 1 P 0
L 8.80000018 67.50000216 8.80000018 73.50000032 0 P 0
L 8.80000018 67.50000216 17.19999862 67.50000216 0 P 0
L 8.80000018 73.50000032 17.19999862 73.50000032 0 P 0
L 8.99999978 17.50000056 9.99999778 17.50000056 1 P 0
L 8.99999978 23.49999872 8.99999978 24.49999926 1 P 0
L 9.49999878 17.00000156 9.49999878 17.99999956 1 P 0
L 9.80000072 54.99999922 9.80000072 60.99999738 0 P 0
L 9.80000072 54.99999922 18.19999916 54.99999922 0 P 0
L 9.80000072 60.99999738 18.19999916 60.99999738 0 P 0
L 10.50000186 63.5499999 10.50000186 65.44999864 1 P 0
L 11.00000086 10.00000032 12.0000014 10.00000032 1 P 0
L 11.44999996 25.9499989 11.44999996 33.54999894 2 P 0
L 11.49999986 9.49999878 11.49999986 10.49999932 1 P 0
L 11.49999986 34.95000122 11.49999986 42.55000126 2 P 0
L 11.79999926 22.55000062 11.79999926 25.4499999 1 P 0
L 12.5000004 70.50000124 13.4999984 70.50000124 1 P 0
L 12.9999994 70.00000224 12.9999994 71.00000024 1 P 0
L 13.05499802 14.75000098 13.05499802 20.25000014 2 P 0
L 13.07500052 18.80500176 13.07500052 23.1950006 2 P 0
L 13.07500052 18.80500176 19.92499952 18.80500176 2 P 0
L 13.07500052 23.1950006 19.92499952 23.1950006 2 P 0
L 13.4999984 63.5499999 13.4999984 65.44999864 1 P 0
L 13.4999984 63.5499999 17.50000056 63.5499999 1 P 0
L 13.4999984 65.44999864 17.50000056 65.44999864 1 P 0
L 13.50000094 57.9999983 14.49999894 57.9999983 1 P 0
L 13.70000054 23.04999962 13.70000054 25.9499989 1 P 0
L 13.70000054 23.04999962 19.2999995 23.04999962 1 P 0
L 13.70000054 25.9499989 19.2999995 25.9499989 1 P 0
L 13.99999994 57.4999993 13.99999994 58.4999973 1 P 0
L 14.04999984 46.34999874 14.04999984 50.3500009 1 P 0
L 14.04999984 46.34999874 15.94999858 46.34999874 1 P 0
L 14.04999984 46.49999844 14.04999984 50.5000006 1 P 0
L 14.04999984 46.49999844 15.94999858 46.49999844 1 P 0
L 14.04999984 50.3500009 15.94999858 50.3500009 1 P 0
L 14.04999984 50.5000006 15.94999858 50.5000006 1 P 0
L 14.29999934 8.55000068 14.29999934 11.44999996 1 P 0
L 14.49999894 48.34999982 15.49999948 48.34999982 1 P 0
L 14.49999894 48.49999952 15.49999948 48.49999952 1 P 0
L 15.00000048 47.85000082 15.00000048 48.84999882 1 P 0
L 15.00000048 48.00000052 15.00000048 48.99999852 1 P 0
L 15.00000048 64.50000054 15.99999848 64.50000054 1 P 0
L 15.34999978 2.50000008 15.34999978 8.60000058 0 P 0
L 15.34999978 2.50000008 17.65000026 2.50000008 0 P 0
L 15.34999978 8.60000058 17.65000026 8.60000058 0 P 0
L 15.49999948 63.999999 15.49999948 64.99999954 1 P 0
L 15.54999938 10.99999832 15.54999938 15.00000048 1 P 0
L 15.54999938 10.99999832 17.44999812 10.99999832 1 P 0
L 15.54999938 15.00000048 17.44999812 15.00000048 1 P 0
L 15.94999858 46.34999874 15.94999858 50.3500009 1 P 0
L 15.94999858 46.49999844 15.94999858 50.5000006 1 P 0
L 15.99999848 12.9999994 16.99999902 12.9999994 1 P 0
L 16.00000102 5.54999906 17.00000156 5.54999906 1 P 0
L 16.00000102 21.00000118 16.99999902 21.00000118 1 P 0
L 16.00000102 24.49999926 17.00000156 24.49999926 1 P 0
L 16.4249989 28.24999938 16.4249989 29.74999892 1 P 0
L 16.4249989 28.24999938 19.57500022 28.24999938 1 P 0
L 16.4249989 29.74999892 19.57500022 29.74999892 1 P 0
L 16.50000002 5.05000006 16.50000002 6.0500006 1 P 0
L 16.50000002 12.5000004 16.50000002 13.4999984 1 P 0
L 16.50000002 20.50000218 16.50000002 21.50000018 1 P 0
L 16.50000002 23.99999772 16.50000002 24.99999826 1 P 0
L 16.69999962 34.05000048 16.69999962 36.94999976 1 P 0
L 16.69999962 34.05000048 22.29999858 34.05000048 1 P 0
L 16.69999962 36.94999976 22.29999858 36.94999976 1 P 0
L 17.19999862 67.50000216 17.19999862 73.50000032 0 P 0
L 17.44999812 10.99999832 17.44999812 15.00000048 1 P 0
L 17.50000056 29.00000042 18.49999856 29.00000042 1 P 0
L 17.50000056 63.5499999 17.50000056 65.44999864 1 P 0
L 17.65000026 2.50000008 17.65000026 8.60000058 0 P 0
L 17.99999956 28.49999888 17.99999956 29.49999942 1 P 0
L 18.19999916 54.99999922 18.19999916 60.99999738 0 P 0
L 19.0000001 35.50000012 20.00000064 35.50000012 1 P 0
L 19.2999995 23.04999962 19.2999995 25.9499989 1 P 0
L 19.4999991 34.99999858 19.4999991 35.99999912 1 P 0
L 19.57500022 28.24999938 19.57500022 29.74999892 1 P 0
L 19.92499952 18.80500176 19.92499952 23.1950006 2 P 0
L 20.15000034 60.04999928 20.15000034 62.94999856 1 P 0
L 20.15000034 60.04999928 25.7499993 60.04999928 1 P 0
L 20.15000034 62.94999856 25.7499993 62.94999856 1 P 0
L 21.55000008 3.49999808 21.55000008 7.50000024 1 P 0
L 21.55000008 3.49999808 23.44999882 3.49999808 1 P 0
L 21.55000008 7.50000024 23.44999882 7.50000024 1 P 0
L 21.64999988 69.0500016 21.64999988 71.95000088 1 P 0
L 21.64999988 69.0500016 27.24999884 69.0500016 1 P 0
L 21.64999988 71.95000088 27.24999884 71.95000088 1 P 0
L 21.99999918 5.49999916 22.99999972 5.49999916 1 P 0
L 22.29999858 34.05000048 22.29999858 36.94999976 1 P 0
L 22.45000082 61.49999892 23.45000136 61.49999892 1 P 0
L 22.50000072 5.00000016 22.50000072 5.99999816 1 P 0
L 22.94999982 60.99999738 22.94999982 61.99999792 1 P 0
L 23.44999882 3.49999808 23.44999882 7.50000024 1 P 0
L 23.4500039 52.00000014 23.4500039 55.99999976 1 P 0
L 23.4500039 52.00000014 25.55000224 52.00000014 1 P 0
L 23.4500039 55.99999976 25.55000224 55.99999976 1 P 0
L 23.94999782 70.50000124 24.94999836 70.50000124 1 P 0
L 24.02500402 53.99999868 24.97500212 53.99999868 1 P 0
L 24.44999936 69.9999997 24.44999936 71.00000024 1 P 0
L 24.49999672 15.00000048 25.49999726 15.00000048 1 P 0
L 24.50000434 53.52499836 24.50000434 54.474999 1 P 0
L 24.54999916 38.1499999 24.54999916 43.74999886 1 P 0
L 24.54999916 38.1499999 27.44999844 38.1499999 1 P 0
L 24.54999916 43.74999886 27.44999844 43.74999886 1 P 0
L 24.99999826 14.50000148 24.99999826 15.50000202 1 P 0
L 25.4999998 40.94999938 26.50000034 40.94999938 1 P 0
L 25.55000224 52.00000014 25.55000224 55.99999976 1 P 0
L 25.70000194 51.30000154 25.70000194 56.7000009 2 P 0
L 25.70000194 51.30000154 39.30000014 51.30000154 2 P 0
L 25.70000194 56.7000009 39.30000014 56.7000009 2 P 0
L 25.7499993 60.04999928 25.7499993 62.94999856 1 P 0
L 25.9999988 40.44999784 25.9999988 41.44999838 1 P 0
L 26.69999994 27.04999924 26.69999994 29.94999852 1 P 0
L 26.69999994 27.04999924 32.2999989 27.04999924 1 P 0
L 26.69999994 29.94999852 32.2999989 29.94999852 1 P 0
L 27.24999884 69.0500016 27.24999884 71.95000088 1 P 0
L 27.44999844 38.1499999 27.44999844 43.74999886 1 P 0
L 28.99999788 28.49999888 29.99999842 28.49999888 1 P 0
L 29.49999942 27.99999988 29.49999942 29.00000042 1 P 0
L 30.57035542 37.49999866 37.50000374 30.57035288 1 P 0
L 30.57035542 37.49999866 37.50000374 44.42964698 1 P 0
L 32.00000204 54.00000122 33.00000004 54.00000122 2 P 0
L 32.2999989 27.04999924 32.2999989 29.94999852 1 P 0
L 32.30000144 2.45000272 32.30000144 11.3000028 2 P 0
L 32.30000144 2.45000272 42.77500208 2.45000272 2 P 0
L 32.30000144 11.3000028 32.32500012 11.3000028 2 P 0
L 32.32500012 11.3000028 42.77500208 11.3000028 2 P 0
L 32.50000104 53.50000222 32.50000104 54.50000022 2 P 0
L 32.95000014 11.5555014 32.95000014 15.44450048 2 P 0
L 32.95000014 11.5555014 42.05000226 11.5555014 2 P 0
L 32.95000014 15.44450048 42.05000226 15.44450048 2 P 0
L 34.24999754 71.50000178 34.24999754 73.50000032 1 P 0
L 34.24999754 71.50000178 37.74999816 71.50000178 1 P 0
L 34.24999754 73.50000032 37.74999816 73.50000032 1 P 0
L 34.44999968 20.84999894 34.44999968 23.14999942 0 P 0
L 34.44999968 20.84999894 40.55000018 20.84999894 0 P 0
L 34.44999968 23.14999942 40.55000018 23.14999942 0 P 0
L 34.48000216 15.9249999 34.48000216 20.07499922 2 P 0
L 34.48000216 15.9249999 40.52000024 15.9249999 2 P 0
L 34.48000216 20.07499922 40.52000024 20.07499922 2 P 0
L 34.69999664 45.05000134 34.69999664 47.95000062 1 P 0
L 34.69999664 45.05000134 40.2999956 45.05000134 1 P 0
L 34.69999664 47.95000062 40.2999956 47.95000062 1 P 0
L 35.49999758 72.49999978 36.49999812 72.49999978 1 P 0
L 35.99999658 72.00000078 35.99999658 73.00000132 1 P 0
L 36.99999458 46.50000098 37.99999512 46.50000098 1 P 0
L 36.99999966 21.99999918 38.0000002 21.99999918 1 P 0
L 37.0000022 6.50000224 38.0000002 6.50000224 2 P 0
L 37.0000022 13.50000094 38.0000002 13.50000094 1 P 0
L 37.0000022 17.99999956 38.0000002 17.99999956 1 P 0
L 37.14644844 37.85355396 37.8535565 37.1464459 1 P 0
L 37.14645098 37.1464459 37.8535565 37.85355396 1 P 0
L 37.49999612 45.99999944 37.49999612 46.99999998 1 P 0
L 37.5000012 6.00000324 37.5000012 7.00000124 2 P 0
L 37.5000012 13.00000194 37.5000012 13.99999994 1 P 0
L 37.5000012 17.50000056 37.5000012 18.49999856 1 P 0
L 37.5000012 21.50000018 37.5000012 22.50000072 1 P 0
L 37.50000374 30.57035288 44.42964952 37.49999866 1 P 0
L 37.50000374 44.42964698 44.42964952 37.49999866 1 P 0
L 37.74999816 71.50000178 37.74999816 73.50000032 1 P 0
L 39.30000014 51.30000154 39.30000014 56.7000009 2 P 0
L 39.95000138 52.00000268 39.95000138 56.0000023 1 P 0
L 39.95000138 52.00000268 42.04999972 52.00000268 1 P 0
L 39.95000138 56.0000023 42.04999972 56.0000023 1 P 0
L 40.2999956 45.05000134 40.2999956 47.95000062 1 P 0
L 40.52000024 15.9249999 40.52000024 20.07499922 2 P 0
L 40.5250015 54.00000376 41.4749996 54.00000376 1 P 0
L 40.55000018 20.84999894 40.55000018 23.14999942 0 P 0
L 40.99999928 53.52500344 40.99999928 54.47500408 1 P 0
L 42.04999972 52.00000268 42.04999972 56.0000023 1 P 0
L 42.05000226 11.5555014 42.05000226 15.44450048 2 P 0
L 42.19999942 23.55000116 42.19999942 26.45000044 1 P 0
L 42.19999942 23.55000116 47.79999838 23.55000116 1 P 0
L 42.19999942 26.45000044 47.79999838 26.45000044 1 P 0
L 42.77500208 2.45000272 42.77500208 11.3000028 2 P 0
L 43.54999926 15.99999848 43.54999926 20.00000064 1 P 0
L 43.54999926 15.99999848 45.449998 15.99999848 1 P 0
L 43.54999926 20.00000064 45.449998 20.00000064 1 P 0
L 43.99999836 17.99999956 44.9999989 17.99999956 1 P 0
L 43.99999836 54.40000042 43.99999836 57.90000104 1 P 0
L 43.99999836 54.40000042 45.9999969 54.40000042 1 P 0
L 43.99999836 57.90000104 45.9999969 57.90000104 1 P 0
L 44.49999736 25.0000008 45.4999979 25.0000008 1 P 0
L 44.49999736 56.150002 45.4999979 56.150002 1 P 0
L 44.4999999 17.50000056 44.4999999 18.49999856 1 P 0
L 44.9999989 24.5000018 44.9999989 25.50000234 1 P 0
L 44.9999989 55.65000046 44.9999989 56.650001 1 P 0
L 45.449998 15.99999848 45.449998 20.00000064 1 P 0
L 45.9999969 54.40000042 45.9999969 57.90000104 1 P 0
L 46.90000018 2.00000108 46.90000018 12.9999994 1 P 0
L 46.90000018 2.00000108 52.09999994 2.00000108 1 P 0
L 46.90000018 12.9999994 52.09999994 12.9999994 1 P 0
L 47.19999958 39.54999964 47.19999958 42.44999892 1 P 0
L 47.19999958 39.54999964 52.79999854 39.54999964 1 P 0
L 47.19999958 42.44999892 52.79999854 42.44999892 1 P 0
L 47.79999838 23.55000116 47.79999838 26.45000044 1 P 0
L 47.90000072 47.40000172 47.90000072 58.59999964 0 P 0
L 47.90000072 47.40000172 59.09999864 47.40000172 0 P 0
L 47.90000072 58.59999964 59.09999864 58.59999964 0 P 0
L 48.49999952 7.50000024 49.50000006 7.50000024 1 P 0
L 49.00000106 7.00000124 49.00000106 8.00000178 1 P 0
L 49.50000006 40.99999928 50.5000006 40.99999928 1 P 0
L 49.99999906 40.50000028 49.99999906 41.50000082 1 P 0
L 52.09999994 2.00000108 52.09999994 12.9999994 1 P 0
L 52.79999854 39.54999964 52.79999854 42.44999892 1 P 0
L 52.99199968 53.00000068 53.99999868 53.00000068 1 P 0
L 53.49999968 52.50000168 53.49999968 53.49999968 1 P 0
L 54.20000082 30.05000086 54.20000082 32.95000014 1 P 0
L 54.20000082 30.05000086 59.79999978 30.05000086 1 P 0
L 54.20000082 32.95000014 59.79999978 32.95000014 1 P 0
L 56.5000013 31.5000005 57.50000184 31.5000005 1 P 0
L 57.0000003 30.99999896 57.0000003 31.9999995 1 P 0
L 57.84999352 7.9499968 57.84999352 14.0499973 0 P 0
L 57.84999352 7.9499968 60.149994 7.9499968 0 P 0
L 57.84999352 14.0499973 60.149994 14.0499973 0 P 0
L 58.0499982 1.99999854 58.0499982 6.0000007 1 P 0
L 58.0499982 1.99999854 59.94999694 1.99999854 1 P 0
L 58.0499982 6.0000007 59.94999694 6.0000007 1 P 0
L 58.05000074 35.50000012 58.05000074 39.50000228 1 P 0
L 58.05000074 35.50000012 59.94999948 35.50000012 1 P 0
L 58.05000074 39.50000228 59.94999948 39.50000228 1 P 0
L 58.49999222 10.99999832 59.49999276 10.99999832 1 P 0
L 58.4999973 3.99999962 59.49999784 3.99999962 1 P 0
L 58.49999984 37.5000012 59.50000038 37.5000012 1 P 0
L 58.99999376 10.49999678 58.99999376 11.49999732 1 P 0
L 58.99999884 3.50000062 58.99999884 4.49999862 1 P 0
L 58.99999884 37.0000022 58.99999884 38.0000002 1 P 0
L 59.09999864 47.40000172 59.09999864 58.59999964 0 P 0
L 59.79999978 30.05000086 59.79999978 32.95000014 1 P 0
L 59.94999694 1.99999854 59.94999694 6.0000007 1 P 0
L 59.94999948 35.50000012 59.94999948 39.50000228 1 P 0
L 60.149994 7.9499968 60.149994 14.0499973 0 P 0
L 62.7000016 53.54999958 62.7000016 56.44999886 1 P 0
L 62.7000016 53.54999958 62.7000016 56.44999886 1 P 0
L 62.7000016 53.54999958 68.30000056 53.54999958 1 P 0
L 62.7000016 53.54999958 68.30000056 53.54999958 1 P 0
L 62.7000016 56.44999886 68.30000056 56.44999886 1 P 0
L 62.7000016 56.44999886 68.30000056 56.44999886 1 P 0
L 64.05000144 60.20000152 64.05000144 65.80000048 1 P 0
L 64.05000144 60.20000152 66.95000072 60.20000152 1 P 0
L 64.05000144 65.80000048 66.95000072 65.80000048 1 P 0
L 64.99999954 54.99999922 66.00000008 54.99999922 1 P 0
L 64.99999954 63.000001 66.00000008 63.000001 1 P 0
L 65.00000208 54.99999922 66.00000262 54.99999922 1 P 0
L 65.2644999 25.2000004 65.2644999 50.8 2 P 0
L 65.2644999 25.2000004 74.7354995 25.2000004 2 P 0
L 65.2644999 50.8 74.7354995 50.8 2 P 0
L 65.50000108 54.49999768 65.50000108 55.49999822 1 P 0
L 65.50000108 54.49999768 65.50000108 55.49999822 1 P 0
L 65.50000108 62.500002 65.50000108 63.50000254 1 P 0
L 66.19999968 17.05000146 66.19999968 19.95000074 1 P 0
L 66.19999968 17.05000146 71.79999864 17.05000146 1 P 0
L 66.19999968 19.95000074 71.79999864 19.95000074 1 P 0
L 66.95000072 60.20000152 66.95000072 65.80000048 1 P 0
L 67.90000136 57.80000124 67.90000136 68.20000076 2 P 0
L 67.90000136 57.80000124 74.94500124 57.80000124 2 P 0
L 67.90000136 68.20000076 74.94500124 68.20000076 2 P 0
L 68.30000056 53.54999958 68.30000056 56.44999886 1 P 0
L 68.30000056 53.54999958 68.30000056 56.44999886 1 P 0
L 68.49999762 18.5000011 69.49999816 18.5000011 1 P 0
L 68.99999916 17.99999956 68.99999916 19.0000001 1 P 0
L 69.5000007 38.0000002 70.4999987 38.0000002 1 P 0
L 69.9999997 37.5000012 69.9999997 38.4999992 1 P 0
L 70.50000124 63.000001 71.77000124 63.000001 2 P 0
L 71.13500124 62.365001 71.13500124 63.635001 2 P 0
L 71.79999864 17.05000146 71.79999864 19.95000074 1 P 0
L 74.7354995 25.2000004 74.7354995 50.8 2 P 0
L 74.94500124 57.80000124 74.94500124 68.20000076 2 P 0
