UNITS=MM
#Layer_Color=9474304
#
#Feature symbol names
#
$0 r127

#
#Feature attribute names
#

#
#Layer features
#
L 1.65999922 3.9099998 6.16000038 3.9099998 0 P 0
L 1.65999922 71.09000006 6.16000038 71.09000006 0 P 0
L 3.75000012 18.5000011 4.24999912 18.5000011 0 P 0
L 3.9099998 1.65999922 3.9099998 6.16000038 0 P 0
L 3.9099998 68.83999948 3.9099998 73.34000064 0 P 0
L 3.99999962 18.2500016 3.99999962 18.7500006 0 P 0
L 4.75000066 11.49999986 5.24999966 11.49999986 0 P 0
L 5.00000016 11.25000036 5.00000016 11.74999936 0 P 0
L 5.64250078 46.00750006 6.91250078 46.00750006 0 P 0
L 5.64250078 52.99250006 6.91250078 52.99250006 0 P 0
L 6.27750078 45.37250006 6.27750078 46.64250006 0 P 0
L 6.27750078 52.35750006 6.27750078 53.62750006 0 P 0
L 6.75000174 21.99999918 7.25000074 21.99999918 0 P 0
L 7.00000124 21.74999968 7.00000124 22.24999868 0 P 0
L 7.50000024 37.5000012 8.49999824 37.5000012 0 P 0
L 7.50000024 40.00000128 8.49999824 40.00000128 0 P 0
L 7.99999924 37.0000022 7.99999924 38.0000002 0 P 0
L 7.99999924 39.50000228 7.99999924 40.50000028 0 P 0
L 8.50000078 28.49999888 9.49999878 28.49999888 0 P 0
L 8.50000078 30.99999896 9.49999878 30.99999896 0 P 0
L 8.75000028 67.00000062 9.24999928 67.00000062 0 P 0
L 8.99999978 27.99999988 8.99999978 28.99999788 0 P 0
L 8.99999978 30.49999996 8.99999978 31.49999796 0 P 0
L 8.99999978 66.75000112 8.99999978 67.25000012 0 P 0
L 9.24999928 13.99999994 9.74999828 13.99999994 0 P 0
L 9.49999878 13.75000044 9.49999878 14.24999944 0 P 0
L 10.08750078 46.00750006 11.35750078 46.00750006 0 P 0
L 10.08750078 52.99250006 11.35750078 52.99250006 0 P 0
L 10.72250078 45.37250006 10.72250078 46.64250006 0 P 0
L 10.72250078 52.35750006 10.72250078 53.62750006 0 P 0
L 10.75000136 12.5000004 11.25000036 12.5000004 0 P 0
L 11.00000086 12.2500009 11.00000086 12.7499999 0 P 0
L 11.74999936 21.50000018 12.24999836 21.50000018 0 P 0
L 11.99999886 21.25000068 11.99999886 21.74999968 0 P 0
L 13.25000144 7.00000124 13.75000044 7.00000124 0 P 0
L 13.42499982 21.38000042 14.37500046 21.38000042 0 P 0
L 13.50000094 6.75000174 13.50000094 7.25000074 0 P 0
L 13.90000014 20.9050001 13.90000014 21.85500074 0 P 0
L 14.75000098 44.0000009 15.24999998 44.0000009 0 P 0
L 15.00000048 43.7500014 15.00000048 44.2500004 0 P 0
L 15.24999998 16.50000002 15.74999898 16.50000002 0 P 0
L 15.49999948 16.25000052 15.49999948 16.74999952 0 P 0
L 15.75000152 38.0000002 16.25000052 38.0000002 0 P 0
L 16.00000102 37.7500007 16.00000102 38.2499997 0 P 0
L 16.0249997 21.38000042 16.97500034 21.38000042 0 P 0
L 16.50000002 20.9050001 16.50000002 21.85500074 0 P 0
L 16.74999952 39.49999974 17.24999852 39.49999974 0 P 0
L 16.99999902 39.25000024 16.99999902 39.74999924 0 P 0
L 17.25000106 9.49999878 17.75000006 9.49999878 0 P 0
L 17.25000106 48.49999952 17.75000006 48.49999952 0 P 0
L 17.50000056 9.24999928 17.50000056 9.74999828 0 P 0
L 17.50000056 48.25000002 17.50000056 48.74999902 0 P 0
L 17.64249964 31.9999995 18.27749964 31.9999995 0 P 0
L 17.75000006 37.5000012 18.24999906 37.5000012 0 P 0
L 17.95999964 31.6824995 17.95999964 32.3174995 0 P 0
L 17.99999956 37.2500017 17.99999956 37.7500007 0 P 0
L 18.2500016 3.50000062 18.7500006 3.50000062 0 P 0
L 18.5000011 3.25000112 18.5000011 3.75000012 0 P 0
L 18.62499958 21.38000042 19.57500022 21.38000042 0 P 0
L 18.7500006 58.99999884 19.2499996 58.99999884 0 P 0
L 18.96704106 55.7975008 19.46704006 55.7975008 0 P 0
L 19.0000001 58.74999934 19.0000001 59.24999834 0 P 0
L 19.0999999 20.9050001 19.0999999 21.85500074 0 P 0
L 19.21704056 55.5475013 19.21704056 56.0475003 0 P 0
L 20.18249964 31.9999995 20.81749964 31.9999995 0 P 0
L 20.49999964 31.6824995 20.49999964 32.3174995 0 P 0
L 20.75000168 63.999999 21.25000068 63.999999 0 P 0
L 21.00000118 63.7499995 21.00000118 64.2499985 0 P 0
L 23.25000176 30.00000096 23.75000076 30.00000096 0 P 0
L 23.50000126 29.75000146 23.50000126 30.25000046 0 P 0
L 24.24999976 35.50000012 24.74999876 35.50000012 0 P 0
L 24.49999926 35.25000062 24.49999926 35.74999962 0 P 0
L 26.18250034 4.49999862 26.81750034 4.49999862 0 P 0
L 26.18250034 6.4999997 26.81750034 6.4999997 0 P 0
L 26.50000034 4.18249862 26.50000034 4.81749862 0 P 0
L 26.50000034 6.1824997 26.50000034 6.8174997 0 P 0
L 28.24999938 40.50000028 28.74999838 40.50000028 0 P 0
L 28.49999888 40.25000078 28.49999888 40.74999978 0 P 0
L 29.24999992 36.50000066 29.74999892 36.50000066 0 P 0
L 29.49999942 36.25000116 29.49999942 36.75000016 0 P 0
L 29.75000146 41.50000082 30.25000046 41.50000082 0 P 0
L 30.00000096 41.25000132 30.00000096 41.75000032 0 P 0
L 30.25000046 30.99999896 30.74999946 30.99999896 0 P 0
L 30.49999996 30.74999946 30.49999996 31.24999846 0 P 0
L 30.74999946 37.5000012 31.24999846 37.5000012 0 P 0
L 30.99999896 37.2500017 30.99999896 37.7500007 0 P 0
L 31.74000002 61.18999954 32.63999822 61.18999954 0 P 0
L 31.74000002 63.72999954 32.63999822 63.72999954 0 P 0
L 31.74000002 66.26999954 32.63999822 66.26999954 0 P 0
L 31.74000002 68.80999954 32.63999822 68.80999954 0 P 0
L 31.75 71.49999924 32.249999 71.49999924 0 P 0
L 31.9999995 71.24999974 31.9999995 71.74999874 0 P 0
L 32.18999912 60.74000044 32.18999912 61.63999864 0 P 0
L 32.18999912 63.28000044 32.18999912 64.17999864 0 P 0
L 32.18999912 65.82000044 32.18999912 66.71999864 0 P 0
L 32.18999912 68.36000044 32.18999912 69.25999864 0 P 0
L 32.89974624 32.9500865 33.39974524 32.9500865 0 P 0
L 33.14974574 32.700087 33.14974574 33.200086 0 P 0
L 33.24999954 19.4999991 33.74999854 19.4999991 0 P 0
L 33.49999904 19.2499996 33.49999904 19.7499986 0 P 0
L 33.51221136 30.99999896 34.01221036 30.99999896 0 P 0
L 33.76221086 30.74999946 33.76221086 31.24999846 0 P 0
L 34.23800112 6.50000224 35.76200112 6.50000224 0 P 0
L 34.25000008 28.49999888 34.74999908 28.49999888 0 P 0
L 34.49999958 28.24999938 34.49999958 28.74999838 0 P 0
L 34.62500314 14.74450188 35.32500174 14.74450188 0 P 0
L 34.97500244 14.39450258 34.97500244 15.09450118 0 P 0
L 35.00000112 5.73800224 35.00000112 7.26200224 0 P 0
L 36.75000016 35.99999912 37.24999916 35.99999912 0 P 0
L 36.99999966 35.74999962 36.99999966 36.24999862 0 P 0
L 37.2500017 34.49999958 37.7500007 34.49999958 0 P 0
L 37.2500017 37.5000012 37.7500007 37.5000012 0 P 0
L 37.5000012 34.25000008 37.5000012 34.74999908 0 P 0
L 37.5000012 37.2500017 37.5000012 37.7500007 0 P 0
L 38.2499997 39.49999974 38.7499987 39.49999974 0 P 0
L 38.4999992 39.25000024 38.4999992 39.74999924 0 P 0
L 39.0798939 30.00000096 39.5798929 30.00000096 0 P 0
L 39.23800128 6.50000224 40.76200128 6.50000224 0 P 0
L 39.3298934 29.75000146 39.3298934 30.25000046 0 P 0
L 39.36000002 61.18999954 40.25999822 61.18999954 0 P 0
L 39.36000002 63.72999954 40.25999822 63.72999954 0 P 0
L 39.36000002 66.26999954 40.25999822 66.26999954 0 P 0
L 39.36000002 68.80999954 40.25999822 68.80999954 0 P 0
L 39.67500066 12.2555 40.37499926 12.2555 0 P 0
L 39.74999924 72.00000078 40.24999824 72.00000078 0 P 0
L 39.80999912 60.74000044 39.80999912 61.63999864 0 P 0
L 39.80999912 63.28000044 39.80999912 64.17999864 0 P 0
L 39.80999912 65.82000044 39.80999912 66.71999864 0 P 0
L 39.80999912 68.36000044 39.80999912 69.25999864 0 P 0
L 39.99999874 71.75000128 39.99999874 72.25000028 0 P 0
L 40.00000128 5.73800224 40.00000128 7.26200224 0 P 0
L 40.02499996 11.9055007 40.02499996 12.6054993 0 P 0
L 40.74999978 44.0000009 41.24999878 44.0000009 0 P 0
L 40.99999928 43.7500014 40.99999928 44.2500004 0 P 0
L 41.18682898 21.93682684 41.68682798 21.93682684 0 P 0
L 41.43682848 21.68682734 41.43682848 22.18682634 0 P 0
L 43.24999986 37.5000012 43.74999886 37.5000012 0 P 0
L 43.49999936 37.2500017 43.49999936 37.7500007 0 P 0
L 45.11900044 66.00000008 45.88100044 66.00000008 0 P 0
L 45.11900044 70.50000124 45.88100044 70.50000124 0 P 0
L 45.50000044 65.61900008 45.50000044 66.38100008 0 P 0
L 45.50000044 70.11900124 45.50000044 70.88100124 0 P 0
L 46.25000148 38.4999992 46.75000048 38.4999992 0 P 0
L 46.50000098 38.2499997 46.50000098 38.7499987 0 P 0
L 47.08340596 37.0029613 47.58340496 37.0029613 0 P 0
L 47.33340546 36.7529618 47.33340546 37.2529608 0 P 0
L 48.50000206 4.96000024 49.50000006 4.96000024 0 P 0
L 48.50000206 7.50000024 49.50000006 7.50000024 0 P 0
L 48.50000206 10.04000024 49.50000006 10.04000024 0 P 0
L 49.00000106 4.46000124 49.00000106 5.45999924 0 P 0
L 49.00000106 7.00000124 49.00000106 7.99999924 0 P 0
L 49.00000106 9.54000124 49.00000106 10.53999924 0 P 0
L 49.18250006 15.49999948 49.81750006 15.49999948 0 P 0
L 49.18250006 17.50000056 49.81750006 17.50000056 0 P 0
L 49.50000006 15.18249948 49.50000006 15.81749948 0 P 0
L 49.50000006 17.18250056 49.50000006 17.81750056 0 P 0
L 49.50000006 21.99999918 50.49999806 21.99999918 0 P 0
L 49.57000246 49.87000186 51.16999926 49.87000186 0 P 0
L 49.57000246 56.1299995 51.16999926 56.1299995 0 P 0
L 49.99999906 21.50000018 49.99999906 22.49999818 0 P 0
L 50.37000086 49.07000346 50.37000086 50.67000026 0 P 0
L 50.37000086 55.3300011 50.37000086 56.9299979 0 P 0
L 51.41250068 60.50000092 52.04750068 60.50000092 0 P 0
L 51.73000068 60.18250092 51.73000068 60.81750092 0 P 0
L 52.24999964 33.00000004 52.74999864 33.00000004 0 P 0
L 52.49999914 32.75000054 52.49999914 33.24999954 0 P 0
L 52.75000118 34.49999958 53.25000018 34.49999958 0 P 0
L 52.95000078 53.00000068 54.04999858 53.00000068 0 P 0
L 53.00000068 34.25000008 53.00000068 34.74999908 0 P 0
L 53.49999968 52.45000178 53.49999968 53.54999958 0 P 0
L 53.95250068 60.50000092 54.58750068 60.50000092 0 P 0
L 54.27000068 60.18250092 54.27000068 60.81750092 0 P 0
L 55.8300001 49.87000186 57.4299969 49.87000186 0 P 0
L 55.8300001 56.1299995 57.4299969 56.1299995 0 P 0
L 56.24999926 7.99999924 56.74999826 7.99999924 0 P 0
L 56.49999876 7.74999974 56.49999876 8.24999874 0 P 0
L 56.6299985 49.07000346 56.6299985 50.67000026 0 P 0
L 56.6299985 55.3300011 56.6299985 56.9299979 0 P 0
L 57.0500002 19.4999991 57.9499984 19.4999991 0 P 0
L 57.0500002 22.0399991 57.9499984 22.0399991 0 P 0
L 57.0500002 24.5799991 57.9499984 24.5799991 0 P 0
L 57.4999993 19.05 57.4999993 19.9499982 0 P 0
L 57.4999993 21.59 57.4999993 22.4899982 0 P 0
L 57.4999993 24.13 57.4999993 25.0299982 0 P 0
L 57.81900044 66.00000008 58.58100044 66.00000008 0 P 0
L 57.81900044 70.50000124 58.58100044 70.50000124 0 P 0
L 58.20000044 65.61900008 58.20000044 66.38100008 0 P 0
L 58.20000044 70.11900124 58.20000044 70.88100124 0 P 0
L 58.74999934 15.00000048 59.24999834 15.00000048 0 P 0
L 58.99999884 14.75000098 58.99999884 15.24999998 0 P 0
L 59.5900002 19.4999991 60.4899984 19.4999991 0 P 0
L 59.5900002 22.0399991 60.4899984 22.0399991 0 P 0
L 59.5900002 24.5799991 60.4899984 24.5799991 0 P 0
L 60.0399993 19.05 60.0399993 19.9499982 0 P 0
L 60.0399993 21.59 60.0399993 22.4899982 0 P 0
L 60.0399993 24.13 60.0399993 25.0299982 0 P 0
L 60.77788962 52.49999914 61.27788862 52.49999914 0 P 0
L 61.02788912 52.24999964 61.02788912 52.74999864 0 P 0
L 61.75000096 5.49999916 62.24999996 5.49999916 0 P 0
L 61.75000096 8.99999978 62.24999996 8.99999978 0 P 0
L 61.75000096 54.99999922 62.24999996 54.99999922 0 P 0
L 62.00000046 5.24999966 62.00000046 5.74999866 0 P 0
L 62.00000046 8.75000028 62.00000046 9.24999928 0 P 0
L 62.00000046 54.74999972 62.00000046 55.24999872 0 P 0
L 62.24999996 57.0000003 62.74999896 57.0000003 0 P 0
L 62.49999946 56.7500008 62.49999946 57.2499998 0 P 0
L 62.5500019 33.4199992 63.4500001 33.4199992 0 P 0
L 62.5500019 35.9599992 63.4500001 35.9599992 0 P 0
L 62.5500019 38.4999992 63.4500001 38.4999992 0 P 0
L 62.5500019 41.0399992 63.4500001 41.0399992 0 P 0
L 62.7500015 61.49999892 63.2500005 61.49999892 0 P 0
L 63.000001 32.9700001 63.000001 33.8699983 0 P 0
L 63.000001 35.5100001 63.000001 36.4099983 0 P 0
L 63.000001 38.0500001 63.000001 38.9499983 0 P 0
L 63.000001 40.5900001 63.000001 41.4899983 0 P 0
L 63.000001 61.24999942 63.000001 61.74999842 0 P 0
L 63.7499995 14.49999894 64.2499985 14.49999894 0 P 0
L 63.7499995 53.00000068 64.2499985 53.00000068 0 P 0
L 63.7499995 66.49999908 64.2499985 66.49999908 0 P 0
L 63.999999 14.24999944 63.999999 14.74999844 0 P 0
L 63.999999 52.75000118 63.999999 53.25000018 0 P 0
L 63.999999 66.24999958 63.999999 66.74999858 0 P 0
L 65.84199684 11.49999986 66.85799684 11.49999986 0 P 0
L 66.34999684 10.99199986 66.34999684 12.00799986 0 P 0
L 66.36608774 29.59884098 66.86608674 29.59884098 0 P 0
L 66.61608724 29.34884148 66.61608724 29.84884048 0 P 0
L 66.75000112 52.00000014 67.25000012 52.00000014 0 P 0
L 66.75000112 59.50000038 67.25000012 59.50000038 0 P 0
L 67.00000062 51.75000064 67.00000062 52.24999964 0 P 0
L 67.00000062 59.25000088 67.00000062 59.74999988 0 P 0
L 67.34793236 27.17299874 67.84793136 27.17299874 0 P 0
L 67.55000206 22.50000072 68.45000026 22.50000072 0 P 0
L 67.59793186 26.92299924 67.59793186 27.42299824 0 P 0
L 68.00000116 22.05000162 68.00000116 22.94999982 0 P 0
L 68.2854997 30.3800002 69.1744997 30.3800002 0 P 0
L 68.2854997 32.9200002 69.1744997 32.9200002 0 P 0
L 68.2854997 35.4600002 69.1744997 35.4600002 0 P 0
L 68.2854997 38.0000002 69.1744997 38.0000002 0 P 0
L 68.2854997 40.5400002 69.1744997 40.5400002 0 P 0
L 68.2854997 43.0800002 69.1744997 43.0800002 0 P 0
L 68.2854997 45.6200002 69.1744997 45.6200002 0 P 0
L 68.7299997 29.9355002 68.7299997 30.8245002 0 P 0
L 68.7299997 32.4755002 68.7299997 33.3645002 0 P 0
L 68.7299997 35.0155002 68.7299997 35.9045002 0 P 0
L 68.7299997 37.5555002 68.7299997 38.4445002 0 P 0
L 68.7299997 40.0955002 68.7299997 40.9845002 0 P 0
L 68.7299997 42.6355002 68.7299997 43.5245002 0 P 0
L 68.7299997 45.1755002 68.7299997 46.0645002 0 P 0
L 68.83999948 3.9099998 73.34000064 3.9099998 0 P 0
L 68.83999948 71.09000006 73.34000064 71.09000006 0 P 0
L 68.9500018 60.90000012 69.6500004 60.90000012 0 P 0
L 68.9500018 65.10000188 69.6500004 65.10000188 0 P 0
L 69.3000011 60.55000082 69.3000011 61.24999942 0 P 0
L 69.3000011 64.75000258 69.3000011 65.45000118 0 P 0
L 70.09000206 22.50000072 70.99000026 22.50000072 0 P 0
L 70.54000116 22.05000162 70.54000116 22.94999982 0 P 0
L 70.8254997 30.3800002 71.7144997 30.3800002 0 P 0
L 70.8254997 32.9200002 71.7144997 32.9200002 0 P 0
L 70.8254997 35.4600002 71.7144997 35.4600002 0 P 0
L 70.8254997 38.0000002 71.7144997 38.0000002 0 P 0
L 70.8254997 40.5400002 71.7144997 40.5400002 0 P 0
L 70.8254997 43.0800002 71.7144997 43.0800002 0 P 0
L 70.8254997 45.6200002 71.7144997 45.6200002 0 P 0
L 71.09000006 1.65999922 71.09000006 6.16000038 0 P 0
L 71.09000006 68.83999948 71.09000006 73.34000064 0 P 0
L 71.1419964 9.09999958 72.1579964 9.09999958 0 P 0
L 71.1419964 13.90000014 72.1579964 13.90000014 0 P 0
L 71.2699997 29.9355002 71.2699997 30.8245002 0 P 0
L 71.2699997 32.4755002 71.2699997 33.3645002 0 P 0
L 71.2699997 35.0155002 71.2699997 35.9045002 0 P 0
L 71.2699997 37.5555002 71.2699997 38.4445002 0 P 0
L 71.2699997 40.0955002 71.2699997 40.9845002 0 P 0
L 71.2699997 42.6355002 71.2699997 43.5245002 0 P 0
L 71.2699997 45.1755002 71.2699997 46.0645002 0 P 0
L 71.6499964 8.59199958 71.6499964 9.60799958 0 P 0
L 71.6499964 13.39200014 71.6499964 14.40800014 0 P 0
