UNITS=MM
#Layer_Color=16711935
#
#Feature symbol names
#
$0 r99.9998
$1 r152.4

#
#Feature attribute names
#

#
#Layer features
#
A 14.59999874 68.9000019 14.59999874 68.9000019 14.09999974 68.9000019 0 P 0 N
A 15.59999928 56.39999896 15.59999928 56.39999896 15.10000028 56.39999896 0 P 0 N
A 38.00000274 41.17695346 38.00000274 41.17695346 37.50000374 41.17695346 0 P 0 N
A 58.99999884 53.00000068 58.99999884 53.00000068 53.49999968 53.00000068 0 P 0 N
L 1.60000188 20.80000158 1.60000188 24.2000024 0 P 0
L 1.60000188 20.80000158 3.40000082 20.80000158 0 P 0
L 1.60000188 24.2000024 3.40000082 24.2000024 0 P 0
L 1.62500056 12.32499948 1.62500056 15.6750004 0 P 0
L 1.62500056 12.32499948 3.3749996 12.32499948 0 P 0
L 1.62500056 15.6750004 3.3749996 15.6750004 0 P 0
L 2.8250007 8.62499926 2.8250007 10.3749983 0 P 0
L 2.8250007 8.62499926 6.17500162 8.62499926 0 P 0
L 2.8250007 10.3749983 6.17500162 10.3749983 0 P 0
L 3.3749996 12.32499948 3.3749996 15.6750004 0 P 0
L 3.40000082 20.80000158 3.40000082 24.2000024 0 P 0
L 4.89999782 66.2750008 4.89999782 67.72500044 0 P 0
L 4.89999782 66.2750008 7.0999985 66.2750008 0 P 0
L 4.89999782 67.72500044 7.0999985 67.72500044 0 P 0
L 6.17500162 8.62499926 6.17500162 10.3749983 0 P 0
L 6.82500032 63.62499848 6.82500032 65.37500006 0 P 0
L 6.82500032 63.62499848 10.17500124 63.62499848 0 P 0
L 6.82500032 65.37500006 10.17500124 65.37500006 0 P 0
L 7.0999985 66.2750008 7.0999985 67.72500044 0 P 0
L 7.32499932 23.12500074 7.32499932 24.87499978 0 P 0
L 7.32499932 23.12500074 10.67500024 23.12500074 0 P 0
L 7.32499932 24.87499978 10.67500024 24.87499978 0 P 0
L 9.8249994 9.1250008 9.8249994 10.87499984 0 P 0
L 9.8249994 9.1250008 13.17500032 9.1250008 0 P 0
L 9.8249994 10.87499984 13.17500032 10.87499984 0 P 0
L 10.17500124 63.62499848 10.17500124 65.37500006 0 P 0
L 10.67500024 23.12500074 10.67500024 24.87499978 0 P 0
L 10.99999832 68.00000116 10.99999832 73.00000132 0 P 0
L 10.99999832 68.00000116 15.00000048 68.00000116 0 P 0
L 10.99999832 73.00000132 15.00000048 73.00000132 0 P 0
L 11.99999886 55.49999822 11.99999886 60.49999838 0 P 0
L 11.99999886 55.49999822 16.00000102 55.49999822 0 P 0
L 11.99999886 60.49999838 16.00000102 60.49999838 0 P 0
L 13.17500032 9.1250008 13.17500032 10.87499984 0 P 0
L 13.82499902 63.62499848 13.82499902 65.37500006 0 P 0
L 13.82499902 63.62499848 17.17499994 63.62499848 0 P 0
L 13.82499902 65.37500006 17.17499994 65.37500006 0 P 0
L 14.09999974 46.80000038 14.09999974 50.19999866 0 P 0
L 14.09999974 46.80000038 15.89999868 46.80000038 0 P 0
L 14.09999974 50.19999866 15.89999868 50.19999866 0 P 0
L 14.12499842 46.67499936 14.12499842 50.02500028 0 P 0
L 14.12499842 46.67499936 15.875 46.67499936 0 P 0
L 14.12499842 50.02500028 15.875 50.02500028 0 P 0
L 14.82499956 23.62499974 14.82499956 25.37499878 0 P 0
L 14.82499956 23.62499974 18.17500048 23.62499974 0 P 0
L 14.82499956 25.37499878 18.17500048 25.37499878 0 P 0
L 15.00000048 68.00000116 15.00000048 73.00000132 0 P 0
L 15.59999928 11.30000026 15.59999928 14.69999854 0 P 0
L 15.59999928 11.30000026 17.39999822 11.30000026 0 P 0
L 15.59999928 14.69999854 17.39999822 14.69999854 0 P 0
L 15.65000172 3.15000132 15.65000172 7.94999934 0 P 0
L 15.65000172 3.15000132 17.35000086 3.15000132 0 P 0
L 15.65000172 7.94999934 17.35000086 7.94999934 0 P 0
L 15.875 46.67499936 15.875 50.02500028 0 P 0
L 15.89999868 46.80000038 15.89999868 50.19999866 0 P 0
L 16.00000102 55.49999822 16.00000102 60.49999838 0 P 0
L 17.09999882 28.49999888 17.09999882 29.49999942 0 P 0
L 17.09999882 28.49999888 18.9000003 28.49999888 0 P 0
L 17.09999882 29.49999942 18.9000003 29.49999942 0 P 0
L 17.17499994 63.62499848 17.17499994 65.37500006 0 P 0
L 17.35000086 3.15000132 17.35000086 7.94999934 0 P 0
L 17.39999822 11.30000026 17.39999822 14.69999854 0 P 0
L 17.82499864 34.6250006 17.82499864 36.37499964 0 P 0
L 17.82499864 34.6250006 21.17499956 34.6250006 0 P 0
L 17.82499864 36.37499964 21.17499956 36.37499964 0 P 0
L 18.17500048 23.62499974 18.17500048 25.37499878 0 P 0
L 18.9000003 28.49999888 18.9000003 29.49999942 0 P 0
L 21.17499956 34.6250006 21.17499956 36.37499964 0 P 0
L 21.25000068 60.59999818 21.25000068 62.39999712 0 P 0
L 21.25000068 60.59999818 24.6500015 60.59999818 0 P 0
L 21.25000068 62.39999712 24.6500015 62.39999712 0 P 0
L 21.59999998 3.80000002 21.59999998 7.1999983 0 P 0
L 21.59999998 3.80000002 23.39999892 3.80000002 0 P 0
L 21.59999998 7.1999983 23.39999892 7.1999983 0 P 0
L 21.64999734 13.15000164 21.64999734 16.85000186 0 P 0
L 21.64999734 13.15000164 28.34999664 13.15000164 0 P 0
L 21.64999734 16.85000186 28.34999664 16.85000186 0 P 0
L 22.74999768 69.6000005 22.74999768 71.39999944 0 P 0
L 22.74999768 69.6000005 26.1499985 69.6000005 0 P 0
L 22.74999768 71.39999944 26.1499985 71.39999944 0 P 0
L 23.39999892 3.80000002 23.39999892 7.1999983 0 P 0
L 24.02500402 53.12499916 24.02500402 54.8749982 0 P 0
L 24.02500402 53.12499916 24.97500212 53.12499916 0 P 0
L 24.02500402 54.8749982 24.97500212 54.8749982 0 P 0
L 24.6500015 60.59999818 24.6500015 62.39999712 0 P 0
L 24.97500212 53.12499916 24.97500212 54.8749982 0 P 0
L 25.1000006 39.2499977 25.1000006 42.64999852 0 P 0
L 25.1000006 39.2499977 26.89999954 39.2499977 0 P 0
L 25.1000006 42.64999852 26.89999954 42.64999852 0 P 0
L 26.1499985 69.6000005 26.1499985 71.39999944 0 P 0
L 26.89999954 39.2499977 26.89999954 42.64999852 0 P 0
L 27.79999774 27.60000068 27.79999774 29.39999962 0 P 0
L 27.79999774 27.60000068 31.19999856 27.60000068 0 P 0
L 27.79999774 29.39999962 31.19999856 29.39999962 0 P 0
L 28.34999664 13.15000164 28.34999664 16.85000186 0 P 0
L 31.19999856 27.60000068 31.19999856 29.39999962 0 P 0
L 32.30000144 3.16100206 32.30000144 11.28200182 1 P 0
L 32.30000144 11.28200182 34.3250012 11.28200182 1 P 0
L 32.55025748 37.5000012 37.50000374 32.55025494 0 P 0
L 32.55025748 37.5000012 37.50000374 42.44974746 0 P 0
L 34.89999624 71.77499996 34.89999624 73.2249996 0 P 0
L 34.89999624 71.77499996 37.09999692 71.77499996 0 P 0
L 34.89999624 73.2249996 37.09999692 73.2249996 0 P 0
L 35.10000092 21.15000088 35.10000092 22.85000002 0 P 0
L 35.10000092 21.15000088 39.89999894 21.15000088 0 P 0
L 35.10000092 22.85000002 39.89999894 22.85000002 0 P 0
L 35.5950012 11.28200182 39.4050012 11.28200182 1 P 0
L 35.79999444 45.60000024 35.79999444 47.39999918 0 P 0
L 35.79999444 45.60000024 39.19999526 45.60000024 0 P 0
L 35.79999444 47.39999918 39.19999526 47.39999918 0 P 0
L 37.09999692 71.77499996 37.09999692 73.2249996 0 P 0
L 37.50000374 32.55025494 42.44975 37.5000012 0 P 0
L 37.50000374 42.44974746 42.44975 37.5000012 0 P 0
L 39.19999526 45.60000024 39.19999526 47.39999918 0 P 0
L 39.89999894 21.15000088 39.89999894 22.85000002 0 P 0
L 40.5250015 53.12500424 40.5250015 54.87500328 0 P 0
L 40.5250015 53.12500424 41.4749996 53.12500424 0 P 0
L 40.5250015 54.87500328 41.4749996 54.87500328 0 P 0
L 40.6750012 11.28200182 42.70000096 11.28200182 1 P 0
L 41.4749996 53.12500424 41.4749996 54.87500328 0 P 0
L 42.70000096 3.16100206 42.70000096 11.28200182 1 P 0
L 43.32499844 24.12500128 43.32499844 25.87500032 0 P 0
L 43.32499844 24.12500128 46.67499936 24.12500128 0 P 0
L 43.32499844 25.87500032 46.67499936 25.87500032 0 P 0
L 43.59999916 16.30000042 43.59999916 19.6999987 0 P 0
L 43.59999916 16.30000042 45.3999981 16.30000042 0 P 0
L 43.59999916 19.6999987 45.3999981 19.6999987 0 P 0
L 44.27499908 55.05000166 44.27499908 57.25000234 0 P 0
L 44.27499908 55.05000166 45.72499872 55.05000166 0 P 0
L 44.27499908 57.25000234 45.72499872 57.25000234 0 P 0
L 45.3999981 16.30000042 45.3999981 19.6999987 0 P 0
L 45.72499872 55.05000166 45.72499872 57.25000234 0 P 0
L 46.67499936 24.12500128 46.67499936 25.87500032 0 P 0
L 47.15000222 2.14999824 47.15000222 12.85000224 0 P 0
L 47.15000222 2.14999824 51.85000044 2.14999824 0 P 0
L 47.15000222 12.85000224 51.85000044 12.85000224 0 P 0
L 48.29999992 40.10000108 48.29999992 41.90000002 0 P 0
L 48.29999992 40.10000108 51.70000074 40.10000108 0 P 0
L 48.29999992 41.90000002 51.70000074 41.90000002 0 P 0
L 51.70000074 40.10000108 51.70000074 41.90000002 0 P 0
L 51.85000044 2.14999824 51.85000044 12.85000224 0 P 0
L 55.32499984 30.62500098 55.32499984 32.37500002 0 P 0
L 55.32499984 30.62500098 58.67500076 30.62500098 0 P 0
L 55.32499984 32.37500002 58.67500076 32.37500002 0 P 0
L 58.0999981 2.30000048 58.0999981 5.69999876 0 P 0
L 58.0999981 2.30000048 59.89999704 2.30000048 0 P 0
L 58.0999981 5.69999876 59.89999704 5.69999876 0 P 0
L 58.10000064 35.80000206 58.10000064 39.20000034 0 P 0
L 58.10000064 35.80000206 59.89999958 35.80000206 0 P 0
L 58.10000064 39.20000034 59.89999958 39.20000034 0 P 0
L 58.14999292 8.59999804 58.14999292 13.39999606 0 P 0
L 58.14999292 8.59999804 59.84999206 8.59999804 0 P 0
L 58.14999292 13.39999606 59.84999206 13.39999606 0 P 0
L 58.67500076 30.62500098 58.67500076 32.37500002 0 P 0
L 59.84999206 8.59999804 59.84999206 13.39999606 0 P 0
L 59.89999704 2.30000048 59.89999704 5.69999876 0 P 0
L 59.89999958 35.80000206 59.89999958 39.20000034 0 P 0
L 63.82500062 54.1249997 63.82500062 55.87499874 0 P 0
L 63.82500062 54.1249997 63.82500062 55.87499874 0 P 0
L 63.82500062 54.1249997 67.17500154 54.1249997 0 P 0
L 63.82500062 54.1249997 67.17500154 54.1249997 0 P 0
L 63.82500062 55.87499874 67.17500154 55.87499874 0 P 0
L 63.82500062 55.87499874 67.17500154 55.87499874 0 P 0
L 64.62500156 61.32500054 64.62500156 64.67500146 0 P 0
L 64.62500156 61.32500054 66.3750006 61.32500054 0 P 0
L 64.62500156 64.67500146 66.3750006 64.67500146 0 P 0
L 66.3750006 61.32500054 66.3750006 64.67500146 0 P 0
L 67.17500154 54.1249997 67.17500154 55.87499874 0 P 0
L 67.17500154 54.1249997 67.17500154 55.87499874 0 P 0
L 67.3249987 17.62500158 67.3249987 19.37500062 0 P 0
L 67.3249987 17.62500158 70.67499962 17.62500158 0 P 0
L 67.3249987 19.37500062 70.67499962 19.37500062 0 P 0
L 70.67499962 17.62500158 70.67499962 19.37500062 0 P 0
